ATTRIBUTES
1  1  0  0
2  2  0  0
3  3  0  0
4  4  0  0
5  5  0  0
6  6  0  0
7  7  0  0
8  8  0  0
9  9  0  0
10  10  0  0
11  11  0  0
12  12  0  0
13  13  0  0
14  14  0  0
15  15  0  0
16  16  0  0
17  17  0  0
18  18  0  0
19  19  0  0
20  20  0  0
21  21  0  0
22  22  0  0
23  23  0  0
24  24  0  0
25  25  0  0
26  26  0  0
27  27  0  0
28  28  0  0
29  29  0  0
30  30  0  0
31  31  0  0
32  32  0  0
33  33  0  0
34  34  0  0
35  35  0  0
36  36  0  0
37  36  0  0
38  36  0  0
39  37  0  0
40  38  0  0
41  39  0  0
42  40  0  0
43  40  0  0
44  39  0  0
45  39  0  0
46  39  0  0
47  43  0  0
48  44  0  0
49  44  0  0
50  45  0  0
51  46  0  0
52  47  0  0
53  48  0  0
54  49  0  0
55  50  0  0
56  51  0  0
57  52  0  0
58  53  0  0
59  54  0  0
60  55  0  0
61  56  0  0
62  57  0  0
63  57  0  0
64  57  0  0
65  57  0  0
66  57  0  0
67  57  0  0
68  47  0  0
69  48  0  0
70  49  0  0
71  50  0  0
72  51  0  0
73  52  0  0
74  53  0  0
75  54  0  0
76  55  0  0
77  56  0  0
78  57  0  0
79  57  0  0
80  57  0  0
81  57  0  0
82  57  0  0
83  57  0  0
84  63  0  0
85  34  0  0
86  65  0  0
87  66  0  0
88  66  0  0
89  66  0  0
90  66  0  0
91  67  0  0
92  68  0  0
93  235  0  0
94  69  0  0
95  69  0  0
96  69  0  0
97  69  0  0
98  69  0  0
99  69  0  0
100  70  0  0
101  71  0  0
102  71  0  0
103  71  0  0
104  71  0  0
105  71  0  0
106  71  0  0
107  71  0  0
108  71  0  0
109  71  0  0
110  71  0  0
111  71  0  0
112  71  0  0
113  71  0  0
114  71  0  0
115  71  0  0
116  71  0  0
117  71  0  0
118  71  0  0
119  71  0  0
120  71  0  0
121  72  0  0
122  72  0  0
123  73  0  0
124  74  0  0
125  75  0  0
126  76  0  0
127  77  0  0
128  78  0  0
129  79  0  0
130  75  0  0
131  81  0  0
132  82  0  0
133  78  0  0
134  84  0  0
135  85  0  0
136  85  0  0
137  85  0  0
138  86  0  0
139  86  0  0
140  86  0  0
141  86  0  0
142  86  0  0
143  86  0  0
144  86  0  0
145  86  0  0
146  87  0  0
147  88  0  0
148  88  0  0
149  88  0  0
150  88  0  0
151  88  0  0
152  240  0  0
153  241  0  0
154  241  0  0
155  241  0  0
156  244  0  0
157  245  0  0
158  246  0  0
159  246  0  0
160  248  0  0
161  249  0  0
162  250  0  0
163  251  0  0
164  89  0  0
165  89  0  0
166  90  0  0
167  253  0  0
168  253  0  0
169  91  0  0
170  91  0  0
171  91  0  0
172  91  0  0
173  92  0  0
174  93  0  0
175  93  0  0
176  93  0  0
177  93  0  0
178  93  0  0
179  94  94  179
180  94  94  180
181  94  94  181
182  94  94  182
183  94  94  183
184  94  94  184
185  94  94  185
186  94  94  186
187  94  94  187
188  94  94  188
189  94  94  189
190  94  94  190
191  94  94  191
192  94  94  192
193  95  95  193
194  95  95  194
195  95  95  195
196  96  96  196
197  96  96  197
198  96  96  198
199  96  96  199
200  96  97  200
201  96  97  201
202  96  97  202
203  96  97  203
204  98  98  204
205  98  98  205
206  98  98  206
207  98  98  207
208  98  98  208
209  98  98  209
210  98  98  210
211  98  98  211
212  98  98  212
213  98  98  213
214  98  98  214
215  98  98  215
216  98  98  216
217  98  98  217
218  99  99  218
219  99  99  219
220  99  99  220
221  99  99  221
222  100  100  222
223  100  100  223
224  100  100  224
225  100  100  225
226  100  101  226
227  100  101  227
228  100  101  228
229  100  101  229
230  102  102  230
231  102  102  231
232  102  102  232
233  102  102  233
234  102  102  234
235  102  102  235
236  102  102  236
237  102  102  237
238  102  102  238
239  102  102  239
240  102  102  240
241  102  102  241
242  102  102  242
243  102  102  243
244  103  103  244
245  103  103  245
246  103  103  246
247  103  103  247
248  104  104  248
249  104  104  249
250  104  104  250
251  104  104  251
252  104  105  252
253  104  105  253
254  104  105  254
255  104  105  255
256  106  106  256
257  106  106  257
258  106  106  258
259  106  106  259
260  106  106  260
261  106  106  261
262  106  106  262
263  106  106  263
264  106  106  264
265  106  106  265
266  106  106  266
267  106  106  267
268  106  106  268
269  106  106  269
270  107  107  270
271  107  107  271
272  107  107  272
273  107  107  273
274  108  108  274
275  108  108  275
276  108  108  276
277  108  108  277
278  108  109  278
279  108  109  279
280  108  109  280
281  108  109  281
282  110  110  282
283  110  110  283
284  110  110  284
285  110  110  285
286  110  110  286
287  110  110  287
288  110  110  288
289  111  111  289
290  111  111  290
291  112  112  291
292  112  112  292
293  112  113  293
294  112  113  294
295  114  114  295
296  114  114  296
297  114  114  297
298  114  114  298
299  114  114  299
300  114  114  300
301  114  114  301
302  115  115  302
303  115  115  303
304  116  116  304
305  116  116  305
306  116  233  306
307  116  233  307
308  117  117  308
309  117  117  309
310  117  117  310
311  117  117  311
312  117  117  312
313  117  117  313
314  117  117  314
315  117  117  315
316  117  117  316
317  117  117  317
318  117  117  318
319  117  117  319
320  117  117  320
321  117  117  321
322  118  118  322
323  118  118  323
324  118  118  324
325  118  118  325
326  119  119  326
327  119  119  327
328  119  119  328
329  119  119  329
330  119  120  330
331  119  120  331
332  119  120  332
333  119  120  333
334  121  121  334
335  121  121  335
336  121  121  336
337  121  121  337
338  121  121  338
339  121  121  339
340  121  121  340
341  121  121  341
342  121  121  342
343  121  121  343
344  121  121  344
345  121  121  345
346  121  121  346
347  121  121  347
348  122  122  348
349  122  122  349
350  122  122  350
351  123  123  351
352  123  123  352
353  123  123  353
354  123  123  354
355  124  124  355
356  124  124  356
357  124  124  357
358  124  124  358
359  121  125  359
360  121  125  360
361  121  125  361
362  121  125  362
363  121  125  363
364  121  125  364
365  121  125  365
366  121  125  366
367  121  125  367
368  121  125  368
369  121  125  369
370  121  125  370
371  121  125  371
372  121  125  372
373  122  126  373
374  122  126  374
375  127  127  375
376  127  127  376
377  127  127  377
378  127  127  378
379  127  128  379
380  127  128  380
381  127  128  381
382  127  128  382
383  129  0  0
384  130  0  0
385  131  0  0
386  132  0  0
387  133  0  0
388  133  0  0
389  135  0  0
390  135  0  0
391  135  0  0
392  135  0  0
393  135  0  0
394  140  0  0
395  141  0  0
396  142  0  0
397  143  0  0
398  144  0  0
399  145  0  0
400  145  0  0
401  145  0  0
402  145  0  0
403  145  0  0
404  145  0  0
405  145  0  0
406  145  0  0
407  145  0  0
408  145  0  0
409  145  0  0
410  145  0  0
411  145  0  0
412  145  0  0
413  145  0  0
414  145  0  0
415  145  0  0
416  145  0  0
417  145  0  0
418  145  0  0
419  145  0  0
420  145  0  0
421  145  0  0
422  145  0  0
423  145  0  0
424  146  0  0
425  146  0  0
426  146  0  0
427  146  0  0
428  146  0  0
429  146  0  0
430  147  0  0
431  147  0  0
432  147  0  0
433  148  0  0
434  148  0  0
435  148  0  0
436  149  0  0
437  149  0  0
438  149  0  0
439  149  0  0
440  149  0  0
441  149  0  0
442  150  0  0
443  150  0  0
444  150  0  0
445  151  0  0
446  151  0  0
447  151  0  0
448  151  0  0
449  151  0  0
450  151  0  0
451  151  0  0
452  151  0  0
453  151  0  0
454  151  0  0
455  151  0  0
456  151  0  0
457  151  0  0
458  151  0  0
459  151  0  0
460  152  0  0
461  152  0  0
462  152  0  0
463  152  0  0
464  152  0  0
465  152  0  0
466  152  0  0
467  152  0  0
468  152  0  0
469  152  0  0
470  152  0  0
471  152  0  0
472  152  0  0
473  152  0  0
474  152  0  0
475  152  0  0
476  152  0  0
477  152  0  0
478  152  0  0
479  152  0  0
480  152  0  0
481  152  0  0
482  152  0  0
483  152  0  0
484  152  0  0
485  152  0  0
486  152  0  0
487  152  0  0
488  152  0  0
489  152  0  0
490  152  0  0
491  153  0  0
492  154  0  0
493  155  0  0
494  155  0  0
495  156  0  0
496  156  0  0
497  156  0  0
498  156  0  0
499  156  0  0
500  156  0  0
501  156  0  0
502  156  0  0
503  156  0  0
504  156  0  0
505  156  0  0
506  156  0  0
507  157  0  0
508  157  0  0
509  157  0  0
510  157  0  0
511  157  0  0
512  157  0  0
513  157  0  0
514  157  0  0
515  158  0  0
516  158  0  0
517  158  0  0
518  158  0  0
519  159  0  0
520  160  0  0
521  161  0  0
522  162  0  0
523  162  0  0
524  163  0  0
525  163  0  0
526  163  0  0
527  163  0  0
528  163  0  0
529  163  0  0
530  95  164  530
531  95  164  531
532  95  164  532
533  96  165  533
534  96  165  534
535  96  165  535
536  96  165  536
537  96  166  537
538  96  166  538
539  96  166  539
540  96  166  540
541  99  167  541
542  99  167  542
543  99  167  543
544  99  167  544
545  100  168  545
546  100  168  546
547  100  168  547
548  100  168  548
549  100  169  549
550  100  169  550
551  100  169  551
552  100  169  552
553  103  170  553
554  103  170  554
555  103  170  555
556  103  170  556
557  104  171  557
558  104  171  558
559  104  171  559
560  104  171  560
561  104  172  561
562  104  172  562
563  104  172  563
564  104  172  564
565  107  173  565
566  107  173  566
567  107  173  567
568  107  173  568
569  108  174  569
570  108  174  570
571  108  174  571
572  108  174  572
573  108  175  573
574  108  175  574
575  108  175  575
576  108  175  576
577  111  176  577
578  111  176  578
579  112  177  579
580  112  177  580
581  112  178  581
582  112  178  582
583  115  179  583
584  115  179  584
585  116  180  585
586  116  180  586
587  116  234  587
588  116  234  588
589  118  181  589
590  118  181  590
591  118  181  591
592  118  181  592
593  119  182  593
594  119  182  594
595  119  182  595
596  119  182  596
597  119  183  597
598  119  183  598
599  119  183  599
600  119  183  600
601  122  184  601
602  122  184  602
603  122  184  603
604  127  185  604
605  127  185  605
606  127  185  606
607  127  185  607
608  127  186  608
609  127  186  609
610  127  186  610
611  127  186  611
612  122  187  612
613  122  187  613
614  127  188  614
615  127  188  615
616  127  188  616
617  127  188  617
618  127  189  618
619  127  189  619
620  127  189  620
621  127  189  621
622  190  0  0
623  190  0  0
624  190  0  0
625  190  0  0
626  191  0  0
627  191  0  0
628  191  0  0
629  191  0  0
630  191  0  0
631  191  0  0
632  191  0  0
633  191  0  0
634  191  0  0
635  191  0  0
636  191  0  0
637  191  0  0
638  191  0  0
639  191  0  0
640  191  0  0
641  191  0  0
642  191  0  0
643  191  0  0
644  191  0  0
645  191  0  0
646  191  0  0
647  191  0  0
648  191  0  0
649  191  0  0
650  191  0  0
651  191  0  0
652  191  0  0
653  191  0  0
654  191  0  0
655  191  0  0
656  191  0  0
657  191  0  0
658  191  0  0
659  191  0  0
660  191  0  0
661  191  0  0
662  191  0  0
663  191  0  0
664  95  193  664
665  95  194  665
666  195  0  0
667  195  0  0
668  255  0  0
669  255  0  0
670  255  0  0
671  255  0  0
672  255  0  0
673  255  0  0
674  255  0  0
675  255  0  0
676  255  0  0
677  255  0  0
678  255  0  0
679  255  0  0
680  163  0  0
681  163  0  0
682  163  0  0
683  163  0  0
684  163  0  0
685  163  0  0
686  163  0  0
687  163  0  0
688  163  0  0
689  163  0  0
690  163  0  0
691  163  0  0
692  163  0  0
693  163  0  0
694  163  0  0
695  163  0  0
696  163  0  0
697  163  0  0
698  163  0  0
699  163  0  0
700  163  0  0
701  163  0  0
702  163  0  0
703  163  0  0
704  163  0  0
705  163  0  0
706  163  0  0
707  163  0  0
708  163  0  0
709  163  0  0
710  163  0  0
711  163  0  0
712  163  0  0
713  163  0  0
714  163  0  0
715  163  0  0
716  163  0  0
717  163  0  0
718  163  0  0
719  163  0  0
720  163  0  0
721  163  0  0
722  163  0  0
723  163  0  0
724  163  0  0
725  163  0  0
726  163  0  0
727  163  0  0
728  199  0  0
729  199  0  0
730  199  0  0
731  199  0  0
732  199  0  0
733  199  0  0
734  200  0  0
735  200  0  0
736  201  0  0
737  201  0  0
738  201  0  0
739  201  0  0
740  201  0  0
741  201  0  0
742  199  0  0
743  199  0  0
744  203  0  0
745  203  0  0
746  203  0  0
747  203  0  0
748  203  0  0
749  203  0  0
750  203  0  0
751  203  0  0
752  204  0  0
753  204  0  0
754  204  0  0
755  204  0  0
756  204  0  0
757  204  0  0
758  204  0  0
759  204  0  0
760  204  0  0
761  204  0  0
762  204  0  0
763  204  0  0
764  204  0  0
765  204  0  0
766  204  0  0
767  204  0  0
768  204  0  0
769  204  0  0
770  204  0  0
771  204  0  0
772  205  0  0
773  205  0  0
774  205  0  0
775  205  0  0
776  205  0  0
777  205  0  0
778  205  0  0
779  205  0  0
780  205  0  0
781  205  0  0
782  205  0  0
783  205  0  0
784  205  0  0
785  205  0  0
786  205  0  0
787  205  0  0
788  205  0  0
789  205  0  0
790  205  0  0
791  205  0  0
792  203  0  0
793  203  0  0
794  203  0  0
795  203  0  0
796  203  0  0
797  203  0  0
798  203  0  0
799  203  0  0
800  204  0  0
801  204  0  0
802  204  0  0
803  204  0  0
804  204  0  0
805  204  0  0
806  204  0  0
807  204  0  0
808  204  0  0
809  204  0  0
810  204  0  0
811  204  0  0
812  204  0  0
813  204  0  0
814  204  0  0
815  204  0  0
816  204  0  0
817  204  0  0
818  204  0  0
819  204  0  0
820  204  0  0
821  204  0  0
822  204  0  0
823  204  0  0
824  204  0  0
825  204  0  0
826  204  0  0
827  204  0  0
828  205  0  0
829  205  0  0
830  205  0  0
831  205  0  0
832  205  0  0
833  205  0  0
834  205  0  0
835  205  0  0
836  209  0  0
837  209  0  0
838  209  0  0
839  209  0  0
840  203  0  0
841  203  0  0
842  203  0  0
843  203  0  0
844  204  0  0
845  204  0  0
846  204  0  0
847  204  0  0
848  204  0  0
849  204  0  0
850  204  0  0
851  204  0  0
852  204  0  0
853  204  0  0
854  204  0  0
855  204  0  0
856  204  0  0
857  204  0  0
858  204  0  0
859  204  0  0
860  204  0  0
861  204  0  0
862  204  0  0
863  204  0  0
864  204  0  0
865  204  0  0
866  204  0  0
867  204  0  0
868  212  0  0
869  212  0  0
870  212  0  0
871  212  0  0
872  212  0  0
873  212  0  0
874  212  0  0
875  212  0  0
876  213  0  0
877  213  0  0
878  213  0  0
879  213  0  0
880  213  0  0
881  213  0  0
882  213  0  0
883  213  0  0
884  213  0  0
885  213  0  0
886  213  0  0
887  213  0  0
888  213  0  0
889  213  0  0
890  213  0  0
891  213  0  0
892  213  0  0
893  213  0  0
894  213  0  0
895  213  0  0
896  214  0  0
897  214  0  0
898  214  0  0
899  214  0  0
900  214  0  0
901  214  0  0
902  214  0  0
903  214  0  0
904  214  0  0
905  214  0  0
906  214  0  0
907  214  0  0
908  214  0  0
909  214  0  0
910  214  0  0
911  214  0  0
912  215  0  0
913  215  0  0
914  215  0  0
915  215  0  0
916  215  0  0
917  215  0  0
918  215  0  0
919  215  0  0
920  216  0  0
921  216  0  0
922  216  0  0
923  216  0  0
924  216  0  0
925  216  0  0
926  216  0  0
927  216  0  0
928  216  0  0
929  216  0  0
930  216  0  0
931  216  0  0
932  216  0  0
933  216  0  0
934  216  0  0
935  216  0  0
936  216  0  0
937  216  0  0
938  217  0  0
939  217  0  0
940  217  0  0
941  217  0  0
942  217  0  0
943  217  0  0
944  217  0  0
945  217  0  0
946  218  0  0
947  218  0  0
948  218  0  0
949  218  0  0
950  218  0  0
951  218  0  0
952  218  0  0
953  218  0  0
954  218  0  0
955  218  0  0
956  218  0  0
957  218  0  0
958  218  0  0
959  218  0  0
960  218  0  0
961  218  0  0
962  218  0  0
963  218  0  0
964  219  0  0
965  219  0  0
966  219  0  0
967  219  0  0
968  219  0  0
969  219  0  0
970  219  0  0
971  219  0  0
972  220  0  0
973  220  0  0
974  220  0  0
975  220  0  0
976  220  0  0
977  220  0  0
978  220  0  0
979  220  0  0
980  220  0  0
981  220  0  0
982  220  0  0
983  220  0  0
984  220  0  0
985  220  0  0
986  220  0  0
987  220  0  0
988  220  0  0
989  220  0  0
990  220  0  0
991  220  0  0
992  221  0  0
993  221  0  0
994  221  0  0
995  221  0  0
996  222  0  0
997  222  0  0
998  222  0  0
999  222  0  0
1000  223  0  0
1001  223  0  0
1002  223  0  0
1003  223  0  0
1004  223  0  0
1005  223  0  0
1006  223  0  0
1007  223  0  0
1008  223  0  0
1009  223  0  0
1010  223  0  0
1011  223  0  0
1012  223  0  0
1013  223  0  0
1014  223  0  0
1015  223  0  0
1016  223  0  0
1017  223  0  0
1018  223  0  0
1019  223  0  0
1020  224  0  0
1021  224  0  0
1022  224  0  0
1023  224  0  0
1024  224  0  0
1025  224  0  0
1026  224  0  0
1027  224  0  0
1028  220  0  0
1029  220  0  0
1030  220  0  0
1031  220  0  0
1032  220  0  0
1033  220  0  0
1034  220  0  0
1035  220  0  0
1036  220  0  0
1037  220  0  0
1038  220  0  0
1039  220  0  0
1040  220  0  0
1041  220  0  0
1042  220  0  0
1043  220  0  0
1044  220  0  0
1045  220  0  0
1046  220  0  0
1047  220  0  0
1048  226  0  0
1049  226  0  0
1050  226  0  0
1051  226  0  0
1052  226  0  0
1053  226  0  0
1054  226  0  0
1055  226  0  0
1056  226  0  0
1057  226  0  0
1058  226  0  0
1059  226  0  0
1060  226  0  0
1061  226  0  0
1062  226  0  0
1063  226  0  0
1064  227  0  0
1065  227  0  0
1066  227  0  0
1067  227  0  0
1068  227  0  0
1069  227  0  0
1070  227  0  0
1071  227  0  0
1072  227  0  0
1073  227  0  0
1074  227  0  0
1075  227  0  0
1076  227  0  0
1077  227  0  0
1078  227  0  0
1079  227  0  0
1080  227  0  0
1081  227  0  0
1082  227  0  0
1083  227  0  0
1084  227  0  0
1085  227  0  0
1086  227  0  0
1087  227  0  0
1088  227  0  0
1089  227  0  0
1090  227  0  0
1091  227  0  0
1092  227  0  0
1093  227  0  0
1094  227  0  0
1095  227  0  0
1096  227  0  0
1097  227  0  0
1098  227  0  0
1099  227  0  0
1100  227  0  0
1101  227  0  0
1102  227  0  0
1103  227  0  0
1104  227  0  0
1105  227  0  0
1106  227  0  0
1107  227  0  0
1108  227  0  0
1109  227  0  0
1110  227  0  0
1111  227  0  0
1112  227  0  0
1113  227  0  0
1114  227  0  0
1115  227  0  0
1116  227  0  0
1117  227  0  0
1118  227  0  0
1119  227  0  0
1120  227  0  0
1121  227  0  0
1122  227  0  0
1123  227  0  0
1124  228  0  0
1125  228  0  0
1126  228  0  0
1127  228  0  0
1128  228  0  0
1129  228  0  0
1130  228  0  0
1131  228  0  0
1132  228  0  0
1133  228  0  0
1134  228  0  0
1135  228  0  0
1136  228  0  0
1137  228  0  0
1138  228  0  0
1139  228  0  0
1140  228  0  0
1141  228  0  0
1142  228  0  0
1143  228  0  0
1144  229  0  0
1145  229  0  0
1146  229  0  0
1147  229  0  0
1148  230  0  0
1149  230  0  0
1150  230  0  0
1151  230  0  0
1152  230  0  0
1153  230  0  0
1154  231  0  0
1155  231  0  0
1156  231  0  0
1157  231  0  0
1158  231  0  0
1159  231  0  0
1160  232  0  0
1161  232  0  0
1162  94  256  1162
1163  94  257  1163
1164  94  258  1164
1165  94  259  1165
1166  94  260  1166
1167  94  261  1167
1168  94  262  1168
1169  94  263  1169
1170  94  264  1170
1171  94  265  1171
1172  94  266  1172
1173  94  267  1173
1174  94  268  1174
1175  94  269  1175
1176  95  270  1176
1177  95  271  1177
1178  95  272  1178
1179  96  273  1179
1180  96  274  1180
1181  96  275  1181
1182  96  276  1182
1183  96  277  1183
1184  96  278  1184
1185  96  279  1185
1186  96  280  1186
1187  98  281  1187
1188  98  282  1188
1189  98  283  1189
1190  98  284  1190
1191  98  285  1191
1192  98  286  1192
1193  98  287  1193
1194  98  288  1194
1195  98  289  1195
1196  98  290  1196
1197  98  291  1197
1198  98  292  1198
1199  98  293  1199
1200  98  294  1200
1201  99  295  1201
1202  99  296  1202
1203  99  297  1203
1204  99  298  1204
1205  100  299  1205
1206  100  300  1206
1207  100  301  1207
1208  100  302  1208
1209  100  303  1209
1210  100  304  1210
1211  100  305  1211
1212  100  306  1212
1213  102  307  1213
1214  102  308  1214
1215  102  309  1215
1216  102  310  1216
1217  102  311  1217
1218  102  312  1218
1219  102  313  1219
1220  102  314  1220
1221  102  315  1221
1222  102  316  1222
1223  102  317  1223
1224  102  318  1224
1225  102  319  1225
1226  102  320  1226
1227  103  321  1227
1228  103  322  1228
1229  103  323  1229
1230  103  324  1230
1231  104  325  1231
1232  104  326  1232
1233  104  327  1233
1234  104  328  1234
1235  104  329  1235
1236  104  330  1236
1237  104  331  1237
1238  104  332  1238
1239  106  333  1239
1240  106  334  1240
1241  106  335  1241
1242  106  336  1242
1243  106  337  1243
1244  106  338  1244
1245  106  339  1245
1246  106  340  1246
1247  106  341  1247
1248  106  342  1248
1249  106  343  1249
1250  106  344  1250
1251  106  345  1251
1252  106  346  1252
1253  107  347  1253
1254  107  348  1254
1255  107  349  1255
1256  107  350  1256
1257  107  351  1257
1258  108  352  1258
1259  108  353  1259
1260  108  354  1260
1261  108  355  1261
1262  108  356  1262
1263  108  357  1263
1264  108  358  1264
1265  108  359  1265
1266  110  360  1266
1267  110  361  1267
1268  110  362  1268
1269  110  363  1269
1270  110  364  1270
1271  110  365  1271
1272  110  366  1272
1273  111  367  1273
1274  111  368  1274
1275  112  369  1275
1276  112  370  1276
1277  112  371  1277
1278  112  372  1278
1279  114  373  1279
1280  114  374  1280
1281  114  375  1281
1282  114  376  1282
1283  114  377  1283
1284  114  378  1284
1285  114  379  1285
1286  115  380  1286
1287  115  381  1287
1288  116  382  1288
1289  116  383  1289
1290  116  384  1290
1291  116  385  1291
1292  117  386  1292
1293  117  387  1293
1294  117  388  1294
1295  117  389  1295
1296  117  390  1296
1297  117  391  1297
1298  117  392  1298
1299  117  393  1299
1300  117  394  1300
1301  117  395  1301
1302  117  396  1302
1303  117  397  1303
1304  117  398  1304
1305  117  399  1305
1306  118  400  1306
1307  118  401  1307
1308  118  402  1308
1309  118  403  1309
1310  119  404  1310
1311  119  405  1311
1312  119  406  1312
1313  119  407  1313
1314  119  408  1314
1315  119  409  1315
1316  119  410  1316
1317  119  411  1317
1318  121  412  1318
1319  121  413  1319
1320  121  414  1320
1321  121  415  1321
1322  121  416  1322
1323  121  417  1323
1324  121  418  1324
1325  121  419  1325
1326  121  420  1326
1327  121  421  1327
1328  121  422  1328
1329  121  423  1329
1330  121  424  1330
1331  121  425  1331
1332  122  426  1332
1333  122  427  1333
1334  122  428  1334
1335  123  429  1335
1336  123  430  1336
1337  123  431  1337
1338  123  432  1338
1339  127  433  1339
1340  127  434  1340
1341  127  435  1341
1342  127  436  1342
1343  121  437  1343
1344  121  438  1344
1345  121  439  1345
1346  121  440  1346
1347  121  441  1347
1348  121  442  1348
1349  121  443  1349
1350  121  444  1350
1351  121  445  1351
1352  121  446  1352
1353  121  447  1353
1354  121  448  1354
1355  121  449  1355
1356  121  450  1356
1357  122  451  1357
1358  122  452  1358
1359  127  453  1359
1360  127  454  1360
1361  127  455  1361
1362  127  456  1362
1363  127  457  1363
1364  127  458  1364
1365  127  459  1365
1366  127  460  1366
1367  129  0  0
1368  130  0  0
1369  131  0  0
1370  132  0  0
1371  133  0  0
1372  133  0  0
1373  135  0  0
1374  135  0  0
1375  135  0  0
1376  135  0  0
1377  135  0  0
1378  140  0  0
1379  141  0  0
1380  142  0  0
1381  143  0  0
1382  144  0  0
1383  145  0  0
1384  145  0  0
1385  145  0  0
1386  145  0  0
1387  145  0  0
1388  145  0  0
1389  145  0  0
1390  145  0  0
1391  145  0  0
1392  145  0  0
1393  145  0  0
1394  145  0  0
1395  145  0  0
1396  145  0  0
1397  145  0  0
1398  145  0  0
1399  145  0  0
1400  145  0  0
1401  145  0  0
1402  145  0  0
1403  145  0  0
1404  145  0  0
1405  145  0  0
1406  145  0  0
1407  145  0  0
1408  146  0  0
1409  146  0  0
1410  146  0  0
1411  146  0  0
1412  146  0  0
1413  146  0  0
1414  147  0  0
1415  147  0  0
1416  147  0  0
1417  148  0  0
1418  148  0  0
1419  148  0  0
1420  149  0  0
1421  149  0  0
1422  149  0  0
1423  149  0  0
1424  149  0  0
1425  149  0  0
1426  150  0  0
1427  150  0  0
1428  150  0  0
1429  151  0  0
1430  151  0  0
1431  151  0  0
1432  151  0  0
1433  151  0  0
1434  151  0  0
1435  151  0  0
1436  151  0  0
1437  151  0  0
1438  151  0  0
1439  151  0  0
1440  151  0  0
1441  151  0  0
1442  151  0  0
1443  151  0  0
1444  152  0  0
1445  152  0  0
1446  152  0  0
1447  152  0  0
1448  152  0  0
1449  152  0  0
1450  152  0  0
1451  152  0  0
1452  152  0  0
1453  152  0  0
1454  152  0  0
1455  152  0  0
1456  152  0  0
1457  152  0  0
1458  152  0  0
1459  152  0  0
1460  152  0  0
1461  152  0  0
1462  152  0  0
1463  152  0  0
1464  152  0  0
1465  152  0  0
1466  152  0  0
1467  152  0  0
1468  152  0  0
1469  152  0  0
1470  152  0  0
1471  152  0  0
1472  152  0  0
1473  152  0  0
1474  152  0  0
1475  153  0  0
1476  154  0  0
1477  155  0  0
1478  155  0  0
1479  156  0  0
1480  156  0  0
1481  156  0  0
1482  156  0  0
1483  156  0  0
1484  156  0  0
1485  156  0  0
1486  156  0  0
1487  156  0  0
1488  156  0  0
1489  156  0  0
1490  156  0  0
1491  157  0  0
1492  157  0  0
1493  157  0  0
1494  157  0  0
1495  157  0  0
1496  157  0  0
1497  157  0  0
1498  157  0  0
1499  158  0  0
1500  158  0  0
1501  158  0  0
1502  158  0  0
1503  159  0  0
1504  160  0  0
1505  161  0  0
1506  162  0  0
1507  162  0  0
1508  163  0  0
1509  163  0  0
1510  163  0  0
1511  163  0  0
1512  163  0  0
1513  163  0  0
1514  95  461  1514
1515  95  462  1515
1516  95  463  1516
1517  96  464  1517
1518  96  465  1518
1519  96  466  1519
1520  96  467  1520
1521  96  468  1521
1522  96  469  1522
1523  96  470  1523
1524  96  471  1524
1525  99  472  1525
1526  99  473  1526
1527  99  474  1527
1528  99  475  1528
1529  100  476  1529
1530  100  477  1530
1531  100  478  1531
1532  100  479  1532
1533  100  480  1533
1534  100  481  1534
1535  100  482  1535
1536  100  483  1536
1537  103  484  1537
1538  103  485  1538
1539  103  486  1539
1540  103  487  1540
1541  104  488  1541
1542  104  489  1542
1543  104  490  1543
1544  104  491  1544
1545  104  492  1545
1546  104  493  1546
1547  104  494  1547
1548  104  495  1548
1549  107  496  1549
1550  107  497  1550
1551  107  498  1551
1552  107  499  1552
1553  107  500  1553
1554  108  501  1554
1555  108  502  1555
1556  108  503  1556
1557  108  504  1557
1558  108  505  1558
1559  108  506  1559
1560  108  507  1560
1561  108  508  1561
1562  111  509  1562
1563  111  510  1563
1564  112  511  1564
1565  112  512  1565
1566  112  513  1566
1567  112  514  1567
1568  115  515  1568
1569  115  516  1569
1570  116  517  1570
1571  116  518  1571
1572  116  519  1572
1573  116  520  1573
1574  118  521  1574
1575  118  522  1575
1576  118  523  1576
1577  118  524  1577
1578  119  525  1578
1579  119  526  1579
1580  119  527  1580
1581  119  528  1581
1582  119  529  1582
1583  119  530  1583
1584  119  531  1584
1585  119  532  1585
1586  122  533  1586
1587  122  534  1587
1588  122  535  1588
1589  127  536  1589
1590  127  537  1590
1591  127  538  1591
1592  127  539  1592
1593  127  540  1593
1594  127  541  1594
1595  127  542  1595
1596  127  543  1596
1597  122  544  1597
1598  122  545  1598
1599  127  546  1599
1600  127  547  1600
1601  127  548  1601
1602  127  549  1602
1603  127  550  1603
1604  127  551  1604
1605  127  552  1605
1606  127  553  1606
1607  190  0  0
1608  190  0  0
1609  190  0  0
1610  190  0  0
1611  191  0  0
1612  191  0  0
1613  191  0  0
1614  191  0  0
1615  191  0  0
1616  191  0  0
1617  191  0  0
1618  191  0  0
1619  191  0  0
1620  191  0  0
1621  191  0  0
1622  191  0  0
1623  191  0  0
1624  191  0  0
1625  191  0  0
1626  191  0  0
1627  191  0  0
1628  191  0  0
1629  191  0  0
1630  191  0  0
1631  191  0  0
1632  191  0  0
1633  191  0  0
1634  191  0  0
1635  191  0  0
1636  191  0  0
1637  191  0  0
1638  191  0  0
1639  191  0  0
1640  191  0  0
1641  191  0  0
1642  191  0  0
1643  191  0  0
1644  191  0  0
1645  191  0  0
1646  191  0  0
1647  191  0  0
1648  191  0  0
1649  255  0  0
1650  255  0  0
1651  255  0  0
1652  255  0  0
1653  255  0  0
1654  255  0  0
1655  255  0  0
1656  255  0  0
1657  255  0  0
1658  255  0  0
1659  255  0  0
1660  255  0  0
1661  163  0  0
1662  163  0  0
1663  163  0  0
1664  163  0  0
1665  163  0  0
1666  163  0  0
1667  163  0  0
1668  163  0  0
1669  163  0  0
1670  163  0  0
1671  163  0  0
1672  163  0  0
1673  163  0  0
1674  163  0  0
1675  163  0  0
1676  163  0  0
1677  163  0  0
1678  163  0  0
1679  163  0  0
1680  163  0  0
1681  163  0  0
1682  163  0  0
1683  163  0  0
1684  163  0  0
1685  163  0  0
1686  163  0  0
1687  163  0  0
1688  163  0  0
1689  163  0  0
1690  163  0  0
1691  163  0  0
1692  163  0  0
1693  163  0  0
1694  163  0  0
1695  163  0  0
1696  163  0  0
1697  163  0  0
1698  163  0  0
1699  163  0  0
1700  163  0  0
1701  163  0  0
1702  163  0  0
1703  163  0  0
1704  163  0  0
1705  163  0  0
1706  163  0  0
1707  163  0  0
1708  163  0  0
1709  162  0  0
1710  162  0  0
1711  162  0  0
1712  162  0  0
1713  162  0  0
1714  162  0  0
1715  162  0  0
1716  162  0  0
1717  162  0  0
1718  162  0  0
1719  162  0  0
1720  162  0  0
1721  162  0  0
1722  162  0  0
1723  162  0  0
1724  162  0  0
1725  162  0  0
1726  162  0  0
1727  162  0  0
1728  162  0  0
1729  162  0  0
1730  162  0  0
1731  162  0  0
1732  162  0  0
1733  162  0  0
1734  162  0  0
1735  162  0  0
1736  162  0  0
1737  162  0  0
1738  162  0  0
1739  162  0  0
1740  162  0  0
1741  162  0  0
1742  162  0  0
1743  162  0  0
1744  162  0  0
1745  162  0  0
1746  162  0  0
1747  162  0  0
1748  162  0  0
1749  162  0  0
1750  162  0  0
1751  162  0  0
1752  162  0  0
1753  162  0  0
1754  162  0  0
1755  162  0  0
1756  162  0  0
1757  37  0  0
1758  67  0  0
1759  129  0  0
1760  153  0  0
1761  255  0  0
1762  255  0  0
1763  255  0  0
1764  158  0  0
1765  255  0  0
