DISPLACEMENT
*
426   1     0.0
426   2     0.0
426   3     0.0
426   4     0.0
426   5     0.0
426   6     0.0
427   1     0.0
427   2     0.0
427   3     0.0
427   4     0.0
427   5     0.0
427   6     0.0
429   1     0.0
429   2     0.0
429   3     0.0
429   4     0.0
429   5     0.0
429   6     0.0
430   1     0.0
430   2     0.0
430   3     0.0
430   4     0.0
430   5     0.0
430   6     0.0
431   1     0.0
431   2     0.0
431   3     0.0
431   4     0.0
431   5     0.0
431   6     0.0
432   1     0.0
432   2     0.0
432   3     0.0
432   4     0.0
432   5     0.0
432   6     0.0
*
433   1     0.0
433   2     0.0
433   3     0.0
433   4     0.0
433   5     0.0
433   6     0.0
434   1     0.0
434   2     0.0
434   3     0.0
434   4     0.0
434   5     0.0
434   6     0.0
435   1     0.0
435   2     0.0
435   3     0.0
435   4     0.0
435   5     0.0
435   6     0.0
436   1     0.0
436   2     0.0
436   3     0.0
436   4     0.0
436   5     0.0
436   6     0.0
437   1     0.0
437   2     0.0
437   3     0.0
437   4     0.0
437   5     0.0
437   6     0.0
438   1     0.0
438   2     0.0
438   3     0.0
438   4     0.0
438   5     0.0
438   6     0.0
439   1     0.0
439   2     0.0
439   3     0.0
439   4     0.0
439   5     0.0
439   6     0.0
440   1     0.0
440   2     0.0
440   3     0.0
440   4     0.0
440   5     0.0
440   6     0.0
441   1     0.0
441   2     0.0
441   3     0.0
441   4     0.0
441   5     0.0
441   6     0.0
442   1     0.0
442   2     0.0
442   3     0.0
442   4     0.0
442   5     0.0
442   6     0.0
443   1     0.0
443   2     0.0
443   3     0.0
443   4     0.0
443   5     0.0
443   6     0.0
444   1     0.0
444   2     0.0
444   3     0.0
444   4     0.0
444   5     0.0
444   6     0.0
445   1     0.0
445   2     0.0
445   3     0.0
445   4     0.0
445   5     0.0
445   6     0.0
446   1     0.0
446   2     0.0
446   3     0.0
446   4     0.0
446   5     0.0
446   6     0.0
447   1     0.0
447   2     0.0
447   3     0.0
447   4     0.0
447   5     0.0
447   6     0.0
448   1     0.0
448   2     0.0
448   3     0.0
448   4     0.0
448   5     0.0
448   6     0.0
449   1     0.0
449   2     0.0
449   3     0.0
449   4     0.0
449   5     0.0
449   6     0.0
450   1     0.0
450   2     0.0
450   3     0.0
450   4     0.0
450   5     0.0
450   6     0.0
451   1     0.0
451   2     0.0
451   3     0.0
451   4     0.0
451   5     0.0
451   6     0.0
452   1     0.0
452   2     0.0
452   3     0.0
452   4     0.0
452   5     0.0
452   6     0.0
453   1     0.0
453   2     0.0
453   3     0.0
453   4     0.0
453   5     0.0
453   6     0.0
454   1     0.0
454   2     0.0
454   3     0.0
454   4     0.0
454   5     0.0
454   6     0.0
455   1     0.0
455   2     0.0
455   3     0.0
455   4     0.0
455   5     0.0
455   6     0.0
456   1     0.0
456   2     0.0
456   3     0.0
456   4     0.0
456   5     0.0
456   6     0.0
